Temperature Results
Measured °C	Control
19.3	        20
13.6	        15
9.8	          10
3.1	           4
1.9	           1


Humidity (DHT-11_Measured)

    51    51    51    51    51    52    52    52    53    53    53    54    54    55    55    56    56    56    57    57    57    58    58    59    59    59    60

    60    61    61    62    62    63    64    64    65    65    66    67    67    68    68    69    69    70    71    71    72    73    73    74    74    75    75

    76    77    77    78    78    79    79    79    80    80    80    81    81    81    82    82    82    82    83    83    83    83    83    84    84    84    84

    84


